	Year	Biomass	Geothermal	Hydro	Photovoltaic	Wind	date
1	2019	1.3466667	0.67	2.795	1.41125	3.8070833	01/01/2019
2	2019	1.6295833	0.6679167	3.3983333	1.27625	3.4345833	02/01/2019
3	2019	1.7908333	0.6766667	3.1654167	1.52875	5.5479167	03/01/2019
4	2019	1.86875	0.6733333	3.6666667	1.4808333	4.2666667	04/01/2019
5	2019	1.70125	0.66875	3.3866667	1.2308333	3.3416667	05/01/2019
6	2019	1.5345833	0.66875	2.82625	1.6379167	2.43	06/01/2019
7	2019	2.1383333	0.6645833	4.1183333	1.5341667	2.65125	07/01/2019
8	2019	2.27375	0.67	4.7558333	0.93375	2.9704167	08/01/2019
9	2019	2.1829167	0.67	3.435	0.8045833	4.0454167	09/01/2019
10	2019	2.2595833	0.6716667	3.8408333	1.3858333	3.96875	10/01/2019
11	2019	2.335	0.67	3.6416667	1.6254167	1.8291667	11/01/2019
12	2019	1.9170833	0.6704167	2.9829167	1.6795833	4.1195833	12/01/2019
13	2019	1.69625	0.67	2.8304167	1.32125	3.0641667	13/01/2019
14	2019	2.0570833	0.6608333	4.0229167	1.38375	4.5870833	14/01/2019
15	2019	2.20625	0.66875	3.98125	2.1754167	3.1833333	15/01/2019
16	2019	2.2745833	0.6579167	3.9066667	1.8841667	2.4825	16/01/2019
17	2019	2.2891667	0.66	3.78875	1.1125	2.4441667	17/01/2019
18	2019	2.2941667	0.6595833	3.9141667	1.2754167	2.61	18/01/2019
19	2019	2.0320833	0.6679167	3.3904167	1.0158333	0.7770833	19/01/2019
20	2019	1.8283333	0.6666667	2.6895833	1.2216667	0.3979167	20/01/2019
21	2019	2.2958333	0.67	4.5	0.7883333	1.3804167	21/01/2019
22	2019	2.3745833	0.67	4.4579167	0.9433333	2.6825	22/01/2019
23	2019	2.37875	0.67	4.995	1.0120833	1.96375	23/01/2019
24	2019	2.5	0.67	5.6079167	1.1833333	2.9304167	24/01/2019
25	2019	2.2383333	0.6695833	3.7454167	1.7320833	4.99125	25/01/2019
26	2019	1.8470833	0.66625	3.1229167	1.7675	4.2304167	26/01/2019
27	2019	1.6616667	0.6583333	2.7779167	1.0829167	3.4208333	27/01/2019
28	2019	2.06	0.66	3.8275	1.3195833	4.8079167	28/01/2019
29	2019	2.21375	0.6566667	3.8404167	2.08125	1.0816667	29/01/2019
30	2019	2.2883333	0.6633333	3.6991667	0.96	2.5275	30/01/2019
31	2019	2.1658333	0.6641667	4.0983333	1.5458333	4.2179167	31/01/2019
32	2019	2.3908333	0.6475	4.2183333	0.59375	5.1095833	01/02/2019
33	2019	1.8466667	0.65	4.0054167	0.6508333	5.1608333	02/02/2019
34	2019	1.6195833	0.66	4.0125	1.1970833	3.3270833	03/02/2019
35	2019	2.3591667	0.66	4.8383333	1.6883333	3.4779167	04/02/2019
36	2019	2.3679167	0.655	4.14	2.1008333	5.9891667	05/02/2019
37	2019	2.20875	0.66	4.6995833	2.3516667	5.4541667	06/02/2019
38	2019	2.36625	0.6583333	4.6575	2.32625	1.7741667	07/02/2019
39	2019	2.3866667	0.6545833	4.3416667	2.2495833	1.2754167	08/02/2019
40	2019	1.9758333	0.66	4.1933333	2.2666667	1.4408333	09/02/2019
41	2019	1.64	0.66	3.2754167	1.4416667	3.7416667	10/02/2019
42	2019	2.0654167	0.66125	4.1879167	1.84625	5.6645833	11/02/2019
43	2019	2.055	0.6645833	4.31875	2.7183333	5.2125	12/02/2019
44	2019	2.1045833	0.6629167	4.36375	2.7354167	5.7416667	13/02/2019
45	2019	2.1395833	0.6554167	3.8754167	2.855	4.95125	14/02/2019
46	2019	2.12	0.6504167	3.7629167	2.6345833	4.1133333	15/02/2019
47	2019	1.7358333	0.66	3.15625	2.8845833	2.11875	16/02/2019
48	2019	1.5679167	0.66	3.1616667	2.9708333	0.6079167	17/02/2019
49	2019	2.17375	0.645	3.9841667	2.7116667	0.5704167	18/02/2019
50	2019	2.3333333	0.64375	3.1591667	2.1991667	0.7191667	19/02/2019
51	2019	2.4479167	0.6429167	3.63	2.3729167	0.3833333	20/02/2019
52	2019	2.4258333	0.6379167	3.46375	2.4975	0.81375	21/02/2019
53	2019	2.1495833	0.6391667	3.9220833	2.4858333	2.74625	22/02/2019
54	2019	1.5970833	0.6466667	3.2104167	2.385	6.0970833	23/02/2019
55	2019	1.4783333	0.6470833	2.7116667	2.8083333	5.24625	24/02/2019
56	2019	2.0095833	0.6445833	3.5454167	2.78875	4.5429167	25/02/2019
57	2019	2.1258333	0.63875	4.1054167	2.4333333	4.1754167	26/02/2019
58	2019	2.0479167	0.6379167	3.4220833	3.0983333	4.4541667	27/02/2019
59	2019	2.2191667	0.64	3.5970833	3.1591667	2.1341667	28/02/2019
60	2019	2.2733333	0.6379167	3.24375	2.2695833	4.34	01/03/2019
61	2019	1.8429167	0.64	2.8891667	2.7083333	3.73625	02/03/2019
62	2019	1.84	0.6408333	2.8641667	3.1729167	0.8991667	03/03/2019
63	2019	2.17	0.6391667	2.76875	2.495	4.3379167	04/03/2019
64	2019	2.3383333	0.64	3.2483333	2.6604167	4.1895833	05/03/2019
65	2019	2.4320833	0.63875	3.6858333	2.8416667	2.0841667	06/03/2019
66	2019	2.345	0.6370833	3.32375	2.2895833	4.045	07/03/2019
67	2019	2.3508333	0.63625	3.28375	2.7679167	1.8695833	08/03/2019
68	2019	1.8345833	0.6504167	2.4804167	3.2595833	2.8820833	09/03/2019
69	2019	1.6979167	0.6520833	2.7979167	2.36625	3.9058333	10/03/2019
70	2019	2.0675	0.6466667	3.2025	2.4095833	5.2495833	11/03/2019
71	2019	2.1770833	0.5875	4	3.3683333	5.3104167	12/03/2019
72	2019	2.4345833	0.63625	3.57875	2.4670833	3.29625	13/03/2019
73	2019	2.3629167	0.6316667	3.405	2.7520833	4.5554167	14/03/2019
74	2019	2.3320833	0.6466667	3.145	3.4695833	3.2458333	15/03/2019
75	2019	1.8325	0.6583333	2.0741667	3.04	3.8204167	16/03/2019
76	2019	1.9175	0.66	2.35875	2.3879167	1.9308333	17/03/2019
77	2019	2.1766667	0.66	3.165	2.6504167	2.7629167	18/03/2019
78	2019	2.5495833	0.6616667	3.2375	2.6345833	1.3275	19/03/2019
79	2019	2.4266667	0.6641667	2.4304167	2.90125	4.36	20/03/2019
80	2019	2.2929167	0.6633333	2.5683333	3.6204167	5.22125	21/03/2019
81	2019	2.21875	0.62	2.65625	3.5933333	3.72375	22/03/2019
82	2019	1.7525	0.6595833	2.5591667	3.9020833	2.3570833	23/03/2019
83	2019	1.7779167	0.6591667	2.4704167	3.90875	1.1425	24/03/2019
84	2019	2.0858333	0.66	2.7770833	3.7545833	3.345	25/03/2019
85	2019	2.23875	0.6479167	3.0241667	2.9170833	4.2616667	26/03/2019
86	2019	2.2275	0.66625	2.6195833	2.78	3.5529167	27/03/2019
87	2019	2.0795833	0.6666667	2.9870833	3.39	5.2095833	28/03/2019
88	2019	1.9954167	0.6620833	3.1341667	3.99625	3.6733333	29/03/2019
89	2019	1.7358333	0.66375	2.8175	4.0366667	2.3954167	30/03/2019
90	2019	1.7108696	0.6578261	2.7421739	4.2213043	0.6104348	31/03/2019
91	2019	2.4075	0.6445833	3.5504167	3.6204167	0.5133333	01/04/2019
92	2019	2.66125	0.6358333	3.4545833	2.6791667	0.8133333	02/04/2019
93	2019	2.6158333	0.6391667	4.07	2.02	2.1229167	03/04/2019
94	2019	2.5679167	0.6420833	4.2791667	1.395	3.8983333	04/04/2019
95	2019	2.3958333	0.64875	4.6225	2.3833333	2.6345833	05/04/2019
96	2019	1.9891667	0.6458333	3.89125	2.9125	0.7875	06/04/2019
97	2019	1.8991667	0.6433333	3.7491667	2.37875	1.51	07/04/2019
98	2019	2.32375	0.64375	4.7908333	2.9241667	2.51875	08/04/2019
99	2019	2.4566667	0.6408333	4.68875	3.0970833	2.7858333	09/04/2019
100	2019	2.3733333	0.6458333	4.9266667	2.9804167	3.19875	10/04/2019
101	2019	2.57875	0.6525	4.99625	1.995	1.4358333	11/04/2019
102	2019	2.4691667	0.66875	4.5116667	2.4879167	0.8491667	12/04/2019
103	2019	2.0791667	0.6683333	3.9870833	2.1395833	1.2933333	13/04/2019
104	2019	1.9120833	0.6683333	3.7479167	2.2720833	1.4645833	14/04/2019
105	2019	2.12625	0.67	4.4320833	3.52875	3.0495833	15/04/2019
106	2019	2.3375	0.6595833	4.5066667	3.7620833	0.77875	16/04/2019
107	2019	2.3725	0.65125	4.89375	4.03625	0.6641667	17/04/2019
108	2019	2.1029167	0.6566667	4.24125	4.1183333	1.9145833	18/04/2019
109	2019	1.8708333	0.6566667	4.3170833	4.2079167	1.85375	19/04/2019
110	2019	1.5558333	0.66875	4.1325	4.1475	2.38625	20/04/2019
111	2019	1.5166667	0.67	3.6041667	2.9570833	3.5395833	21/04/2019
112	2019	1.49375	0.6658333	3.9720833	2.0566667	4.1041667	22/04/2019
113	2019	2.1270833	0.6583333	5.6079167	1.5425	3.0808333	23/04/2019
114	2019	2.06375	0.66	6.0608333	3.0425	1.6158333	24/04/2019
115	2019	1.73875	0.66	6.1120833	3.12625	0.855	25/04/2019
116	2019	1.8133333	0.66	6.64375	2.8358333	1.99125	26/04/2019
117	2019	1.4908333	0.6616667	6.7158333	4.23875	3.0104167	27/04/2019
118	2019	1.4858333	0.6670833	5.8504167	3.4970833	3.5829167	28/04/2019
119	2019	2.0175	0.67	6.8625	2.8279167	2.7775	29/04/2019
120	2019	2.0666667	0.67	6.7925	3.9325	1.28	30/04/2019
121	2019	1.8229167	0.665	5.8495833	3.8654167	0.89625	01/05/2019
122	2019	2.30125	0.6620833	6.3525	4.1166667	1.11875	02/05/2019
123	2019	2.4004167	0.65875	6.19	2.67125	2.6941667	03/05/2019
124	2019	2.0783333	0.6641667	5.75875	2.1516667	1.5545833	04/05/2019
125	2019	1.7129167	0.6691667	5.42	2.2129167	4.3791667	05/05/2019
126	2019	2.06875	0.645	5.73125	3.515	4.6504167	06/05/2019
127	2019	2.2579167	0.6458333	6.0441667	4.0120833	2.5929167	07/05/2019
128	2019	2.49375	0.645	5.9104167	2.785	1.6204167	08/05/2019
129	2019	2.35125	0.63875	5.6641667	3.1429167	3.5258333	09/05/2019
130	2019	2.3425	0.66	5.685	3.9875	1.2058333	10/05/2019
131	2019	1.9470833	0.6616667	5.5058333	3.4025	1.2404167	11/05/2019
132	2019	1.76125	0.6579167	5.4933333	1.8675	2.4191667	12/05/2019
133	2019	2.4166667	0.6579167	6.70125	2.2108333	1.3058333	13/05/2019
134	2019	2.3783333	0.6595833	6.1595833	3.00875	2.8704167	14/05/2019
135	2019	2.4054167	0.6583333	7.0008333	2.48375	1.2095833	15/05/2019
136	2019	2.2666667	0.65	6.1320833	3.6604167	1.6425	16/05/2019
137	2019	2.28	0.6616667	6.2083333	3.7454167	1.1558333	17/05/2019
138	2019	1.8845833	0.66	5.36	1.84625	1.9783333	18/05/2019
139	2019	1.6408333	0.66	5.6025	2.3404167	2.1716667	19/05/2019
140	2019	2.0416667	0.6595833	6.5108333	2.7933333	3.3958333	20/05/2019
141	2019	1.9195833	0.65875	7.1425	3.6204167	3.6141667	21/05/2019
142	2019	1.90375	0.6595833	7.0279167	3.92	2.2216667	22/05/2019
143	2019	1.9154167	0.6554167	7.4983333	4.1104167	1.3645833	23/05/2019
144	2019	1.9266667	0.65375	7.54875	4.26	1.1875	24/05/2019
145	2019	1.4625	0.6633333	7.15	3.3658333	0.9616667	25/05/2019
146	2019	1.3483333	0.6625	7.51875	1.5479167	3.02375	26/05/2019
147	2019	1.7008333	0.6575	8.6804167	1.69	2.8	27/05/2019
148	2019	1.6925	0.6591667	8.39375	2.8754167	3.11	28/05/2019
149	2019	1.7429167	0.67	8.7908333	2.6216667	3.6654167	29/05/2019
150	2019	1.8616667	0.67	8.4825	3.6295833	1.1375	30/05/2019
151	2019	1.6816667	0.6704167	8.6566667	4.2420833	2.2533333	31/05/2019
152	2019	1.3245833	0.6720833	7.01625	4.20625	2.24	01/06/2019
153	2019	1.3470833	0.665	6.9770833	4.1154167	0.8875	02/06/2019
154	2019	1.6275	0.665	7.9383333	4.2395833	1.625	03/06/2019
155	2019	1.8229167	0.66875	8.52	4.2379167	0.86375	04/06/2019
156	2019	1.8070833	0.6670833	8.7425	4.1429167	0.87	05/06/2019
157	2019	1.7541667	0.6666667	9.0058333	3.64125	1.6595833	06/06/2019
158	2019	1.805	0.6658333	9.0358333	4.0945833	1.43375	07/06/2019
159	2019	1.4904167	0.65375	7.61625	4.04875	1.8545833	08/06/2019
160	2019	1.4329167	0.6554167	7.7541667	3.7129167	0.85875	09/06/2019
161	2019	1.90375	0.6533333	8.7858333	3.3379167	0.55375	10/06/2019
162	2019	2.0129167	0.6504167	8.2458333	3.6604167	1.0275	11/06/2019
163	2019	2.0404167	0.6495833	8.4279167	3.9991667	1.6383333	12/06/2019
164	2019	1.9779167	0.6575	8.5270833	4.3795833	0.9833333	13/06/2019
165	2019	1.8525	0.65	8.9670833	3.9358333	0.9545833	14/06/2019
166	2019	1.6295833	0.6495833	7.8220833	3.9825	1.4516667	15/06/2019
167	2019	1.3091667	0.6425	7.6966667	4.4904167	1.6204167	16/06/2019
168	2019	2.0391667	0.64	8.8433333	4.23625	0.69375	17/06/2019
169	2019	2.2920833	0.6179167	9.2920833	4.2179167	0.5979167	18/06/2019
170	2019	2.2791667	0.6054167	9.04	4.2129167	0.4154167	19/06/2019
171	2019	2.2404167	0.61875	8.7654167	4.2816667	0.7095833	20/06/2019
172	2019	2.4804167	0.6316667	8.3179167	4.0708333	0.5445833	21/06/2019
173	2019	1.8266667	0.6525	7.755	2.90125	1.5170833	22/06/2019
174	2019	1.4029167	0.6470833	7.1945833	4.20625	1.77625	23/06/2019
175	2019	2.0591667	0.64125	8.47125	4.225	2.18375	24/06/2019
176	2019	2.3470833	0.6420833	8.67875	4.23	3.0620833	25/06/2019
177	2019	2.5191667	0.6441667	9.3795833	4.1829167	2.5216667	26/06/2019
178	2019	2.7695833	0.6545833	8.7858333	4.1370833	1.8075	27/06/2019
179	2019	2.7891667	0.6466667	9.4054167	4.1479167	1.4354167	28/06/2019
180	2019	1.9579167	0.6525	7.9258333	4.3366667	2.7225	29/06/2019
181	2019	1.75375	0.6616667	7.6395833	4.4316667	1.0445833	30/06/2019
182	2019	2.085	0.6525	9.10125	4.1358333	0.2833333	01/07/2019
183	2019	2.2070833	0.6508333	9.1766667	4.1429167	0.4233333	02/07/2019
184	2019	2.3475	0.65	8.0445833	4.0720833	0.6154167	03/07/2019
185	2019	2.255	0.63875	8.69875	4.1516667	0.68625	04/07/2019
186	2019	2.325	0.6341667	7.9683333	4.1879167	0.52375	05/07/2019
187	2019	1.8179167	0.62875	7.25125	4.08625	1.0558333	06/07/2019
188	2019	1.58	0.60875	6.7729167	3.5670833	3.0204167	07/07/2019
189	2019	2.2066667	0.6179167	8.0275	3.7820833	2.1495833	08/07/2019
190	2019	2.2879167	0.63375	7.9316667	3.0345833	2.5141667	09/07/2019
191	2019	2.1529167	0.6279167	7.5033333	3.2770833	3.0595833	10/07/2019
192	2019	2.0233333	0.6425	7.4970833	3.56375	2.40625	11/07/2019
193	2019	2.09625	0.6341667	7.1879167	3.90375	1.0504167	12/07/2019
194	2019	1.6725	0.6566667	6.0745833	3.8320833	2.5575	13/07/2019
195	2019	1.4008333	0.6625	5.1579167	4.3183333	2.3279167	14/07/2019
196	2019	1.91	0.65625	7.0075	1.99125	1.55125	15/07/2019
197	2019	1.8270833	0.6629167	6.2679167	3.855	3.34625	16/07/2019
198	2019	2.0270833	0.6641667	6.45875	4.2775	2.06625	17/07/2019
199	2019	2.2	0.6633333	6.4375	3.7775	0.5904167	18/07/2019
200	2019	2.01875	0.6604167	7.3691667	4.1133333	0.4529167	19/07/2019
201	2019	1.67875	0.6533333	5.405	4.2516667	0.2629167	20/07/2019
202	2019	1.5533333	0.6566667	5	4.3108333	0.3645833	21/07/2019
203	2019	2.0391667	0.655	6.7475	4.0008333	1.09875	22/07/2019
204	2019	2.20875	0.6479167	6.8720833	4.1720833	2.35375	23/07/2019
205	2019	2.32125	0.6441667	7.3829167	4.1566667	1.5033333	24/07/2019
206	2019	2.4758333	0.64875	7.3325	4.11375	0.62125	25/07/2019
207	2019	2.4670833	0.6504167	7.1891667	4.1041667	0.6783333	26/07/2019
208	2019	1.84625	0.6316667	6.1729167	3.155	2.54125	27/07/2019
209	2019	1.43625	0.64125	5.7083333	2.645	5.1504167	28/07/2019
210	2019	2.0175	0.6458333	6.7295833	3.9141667	3.6041667	29/07/2019
211	2019	2.115	0.6304167	6.5670833	4.1616667	1.6508333	30/07/2019
212	2019	2.1958333	0.6358333	7.5483333	4.0504167	1.1758333	31/07/2019
213	2019	2.4629167	0.6545833	6.5825	3.9320833	1.0429167	01/08/2019
214	2019	2.2583333	0.6495833	6.5495833	3.3145833	1.6141667	02/08/2019
215	2019	1.79375	0.655	5.0795833	4.1566667	2.1679167	03/08/2019
216	2019	1.58375	0.6558333	5.0295833	4.12375	1.3829167	04/08/2019
217	2019	2.0254167	0.655	6.2508333	4.0633333	0.7408333	05/08/2019
218	2019	2.1108333	0.645	6.1654167	3.85	0.8270833	06/08/2019
219	2019	2.0120833	0.6545833	6.6916667	3.4445833	1.6283333	07/08/2019
220	2019	2.0325	0.645	6.3325	3.4145833	1.2820833	08/08/2019
221	2019	1.9620833	0.6529167	6.80875	3.8766667	1.3133333	09/08/2019
222	2019	1.9704167	0.6554167	6.0166667	3.9433333	0.5070833	10/08/2019
223	2019	1.9004167	0.6508333	5.8766667	3.9604167	0.6020833	11/08/2019
224	2019	1.9208333	0.6470833	6.5920833	3.14625	0.44	12/08/2019
225	2019	1.7208333	0.6458333	5.985	3.6025	1.0833333	13/08/2019
226	2019	1.4729167	0.645	5.8579167	3.6841667	3.4445833	14/08/2019
227	2019	1.50875	0.6525	4.90875	3.91375	2.6433333	15/08/2019
228	2019	1.6166667	0.65625	5.1425	4.08125	1.2183333	16/08/2019
229	2019	1.7358333	0.6554167	4.8041667	3.7904167	0.7458333	17/08/2019
230	2019	1.6958333	0.65625	4.7979167	3.89375	0.4004167	18/08/2019
231	2019	1.9716667	0.6554167	5.7695833	3.86	0.2895833	19/08/2019
232	2019	2.1245833	0.6529167	5.6904167	3.7016667	0.3554167	20/08/2019
233	2019	2.1604167	0.6466667	5.99625	3.58125	0.3541667	21/08/2019
234	2019	2.1670833	0.6491667	5.8991667	3.1004167	0.6520833	22/08/2019
235	2019	2.12625	0.65125	5.8170833	2.7420833	1.1845833	23/08/2019
236	2019	1.9820833	0.6533333	5.1816667	3.25625	0.7308333	24/08/2019
237	2019	1.9520833	0.65375	4.75875	3.6941667	0.53625	25/08/2019
238	2019	2.3833333	0.6495833	6.365	3.5458333	0.3941667	26/08/2019
239	2019	2.56375	0.64375	6.7870833	3.5129167	0.3854167	27/08/2019
240	2019	2.7245833	0.64125	6.8633333	2.6458333	0.4358333	28/08/2019
241	2019	2.7741667	0.6454167	6.1504167	3.28	0.44875	29/08/2019
242	2019	2.8004167	0.6454167	5.9204167	3.4045833	0.44625	30/08/2019
243	2019	2.2208333	0.64	5.2854167	3.1929167	0.4645833	31/08/2019
244	2019	1.92625	0.6533333	5.2358333	2.9866667	0.3454167	01/09/2019
245	2019	2.3904167	0.6533333	6.42125	2.55125	0.4033333	02/09/2019
246	2019	2.4054167	0.6566667	5.4908333	3.2254167	2.01125	03/09/2019
247	2019	2.2875	0.6625	5.2095833	3.485	2.5266667	04/09/2019
248	2019	2.4454167	0.6616667	5.6129167	3.34625	0.8116667	05/09/2019
249	2019	2.4154167	0.6620833	5.8	2.3525	1.2604167	06/09/2019
250	2019	1.8220833	0.6616667	4.64	3.3	1.20875	07/09/2019
251	2019	1.55125	0.665	4.39	2.8195833	2.1866667	08/09/2019
252	2019	2.1083333	0.66375	5.6175	3.6491667	2.5308333	09/09/2019
253	2019	2.3095833	0.65375	5.675	3.01625	0.8791667	10/09/2019
254	2019	2.30875	0.65875	5.33	3.4229167	1.3758333	11/09/2019
255	2019	2.31625	0.6579167	5.3791667	3.7041667	2.3508333	12/09/2019
256	2019	2.3641667	0.6591667	4.95	3.7020833	3.0095833	13/09/2019
257	2019	1.7058333	0.6554167	4.0995833	3.6179167	2.2379167	14/09/2019
258	2019	1.5616667	0.6541667	4.1191667	3.2775	1.04	15/09/2019
259	2019	2.0945833	0.6470833	5.715	3.43375	0.2925	16/09/2019
260	2019	2.1470833	0.6454167	5.56125	3.2441667	0.945	17/09/2019
261	2019	2.1958333	0.64375	6.14625	2.6091667	0.9133333	18/09/2019
262	2019	2.2329167	0.6425	6.0025	1.9716667	1.0066667	19/09/2019
263	2019	2.0195833	0.6525	4.8195833	3.14875	2.9345833	20/09/2019
264	2019	1.5904167	0.6554167	3.5454167	3.425	1.3895833	21/09/2019
265	2019	1.5608333	0.6458333	3.35375	1.38125	1.44375	22/09/2019
266	2019	1.89	0.64375	5.5925	1.8345833	3.3254167	23/09/2019
267	2019	2.0629167	0.6416667	5.18875	3.145	2.4279167	24/09/2019
268	2019	2.1866667	0.65	5.1970833	2.49875	2.23	25/09/2019
269	2019	2.10375	0.6216667	4.65375	2.76375	2.0266667	26/09/2019
270	2019	2.0875	0.64875	5.1304167	2.7833333	0.71625	27/09/2019
271	2019	1.7633333	0.6429167	3.6191667	2.9116667	1.6158333	28/09/2019
272	2019	1.575	0.65	2.5595833	3.16	1.4016667	29/09/2019
273	2019	1.84375	0.6408333	4.3366667	3.1191667	2.6945833	30/09/2019
274	2019	2.1233333	0.6133333	4.95	2.7529167	0.6708333	01/10/2019
275	2019	2.0466667	0.6216667	4.7429167	2.2995833	3.0375	02/10/2019
276	2019	2.0904167	0.6316667	3.91	2.2925	2.77	03/10/2019
277	2019	1.9841667	0.645	4.9158333	2.8966667	3.8579167	04/10/2019
278	2019	1.7604167	0.6545833	2.4566667	2.8220833	2.5016667	05/10/2019
279	2019	1.6241667	0.6583333	2.13	2.45125	1.3033333	06/10/2019
280	2019	1.97875	0.6575	3.6845833	2.0375	2.5666667	07/10/2019
281	2019	2.1008333	0.66375	4.4566667	3.0966667	3.3225	08/10/2019
282	2019	2.3358333	0.66375	3.4704167	2.3058333	1.6254167	09/10/2019
283	2019	2.3179167	0.65875	3.3354167	2.4483333	1.8741667	10/10/2019
284	2019	2.2779167	0.6445833	3.93	2.8729167	0.9075	11/10/2019
285	2019	1.89375	0.655	2.1966667	2.5879167	0.3525	12/10/2019
286	2019	1.7191667	0.6529167	2.1083333	2.2595833	0.3770833	13/10/2019
287	2019	2.0633333	0.6425	3.5229167	2.2604167	0.43375	14/10/2019
288	2019	2.1075	0.6420833	4.1875	1.6729167	1.6670833	15/10/2019
289	2019	1.9633333	0.6541667	4.1425	2.7716667	2.0854167	16/10/2019
290	2019	2.1170833	0.65	4.02125	2.6041667	0.40625	17/10/2019
291	2019	2.1479167	0.65125	4.26625	2.0566667	0.2254167	18/10/2019
292	2019	1.80875	0.65	3.0508333	2.16125	0.6979167	19/10/2019
293	2019	1.5616667	0.64625	3.81625	1.9575	1.2820833	20/10/2019
294	2019	2.1025	0.6416667	4.6195833	2.2408333	0.4258333	21/10/2019
295	2019	2.2995833	0.6370833	4.7754167	2.1045833	1.0729167	22/10/2019
296	2019	2.2808333	0.6375	4.83875	2.3158333	1.7541667	23/10/2019
297	2019	2.4491667	0.63875	5.0408333	1.2025	1.57625	24/10/2019
298	2019	2.29375	0.64625	4.94	2.0420833	1.4308333	25/10/2019
299	2019	1.81625	0.6454167	4.17375	2.5716667	1.7041667	26/10/2019
300	2019	1.7636	0.6476	3.7408	2.4968	0.5024	27/10/2019
301	2019	2.3566667	0.6483333	5.1954167	1.8908333	0.3854167	28/10/2019
302	2019	2.4879167	0.6483333	5.0741667	1.5175	0.7520833	29/10/2019
303	2019	2.5083333	0.6479167	4.79625	1.1995833	0.5570833	30/10/2019
304	2019	2.3829167	0.6595833	4.6820833	1.1604167	0.56875	31/10/2019
305	2019	1.86875	0.6591667	3.6704167	1.165	0.4895833	01/11/2019
306	2019	1.6175	0.65125	4.16375	1.02375	2.45	02/11/2019
307	2019	1.4054167	0.655	4.3875	0.83	5.1195833	03/11/2019
308	2019	1.8191667	0.6595833	5.5941667	2.4216667	4.7558333	04/11/2019
309	2019	2.0366667	0.6458333	6.485	1.4083333	5.1291667	05/11/2019
310	2019	2.2691667	0.6645833	7.3508333	1.1904167	3.0029167	06/11/2019
311	2019	2.2195833	0.66125	6.5204167	1.5366667	1.2629167	07/11/2019
312	2019	2.1416667	0.6683333	6.8916667	1.2245833	3.3945833	08/11/2019
313	2019	1.5895833	0.67125	6.0533333	1.74375	2.6045833	09/11/2019
314	2019	1.52	0.67	5.2358333	2.0520833	2.2758333	10/11/2019
315	2019	2.13	0.66125	6.4475	0.7779167	2.2491667	11/11/2019
316	2019	2.0454167	0.6695833	6.9208333	0.5295833	4.6179167	12/11/2019
317	2019	2.2220833	0.665	6.98375	1.7883333	4.0991667	13/11/2019
318	2019	2.3833333	0.66625	6.80875	1.3479167	1.2558333	14/11/2019
319	2019	2.27125	0.6625	6.9333333	0.8504167	4.2666667	15/11/2019
320	2019	1.8304167	0.67	6.3520833	0.8020833	4.20375	16/11/2019
321	2019	1.61875	0.6670833	6.04	0.8295833	4.6370833	17/11/2019
322	2019	2.21125	0.6379167	7.6145833	1.4258333	2.9166667	18/11/2019
323	2019	2.5375	0.6208333	8.2420833	0.6175	1.4883333	19/11/2019
324	2019	2.4141667	0.6154167	7.3075	1.4625	2.3395833	20/11/2019
325	2019	2.4820833	0.63	7.375	1.0279167	1.3683333	21/11/2019
326	2019	2.3008333	0.63	7.1741667	1.2633333	1.2175	22/11/2019
327	2019	1.80875	0.6229167	6.3445833	0.88125	3.3658333	23/11/2019
328	2019	1.7825	0.625	5.98	0.4833333	3.29625	24/11/2019
329	2019	2.3633333	0.6254167	7.9170833	1.3475	2.115	25/11/2019
330	2019	2.3366667	0.6254167	7.20375	1.7475	1.6925	26/11/2019
331	2019	2.2429167	0.6241667	7.1766667	0.8866667	3.5045833	27/11/2019
332	2019	2.1341667	0.6258333	7.5170833	0.8345833	4.7829167	28/11/2019
333	2019	2.18375	0.6275	7.5445833	1.1445833	4.8070833	29/11/2019
334	2019	1.8479167	0.63	6.4120833	1.6825	1.8379167	30/11/2019
335	2019	1.90125	0.63	5.5425	1.1504167	1.6504167	01/12/2019
336	2019	2.6241667	0.62125	7.2641667	0.7225	2.5904167	02/12/2019
337	2019	2.8958333	0.6295833	7.9504167	1.3916667	2.8066667	03/12/2019
338	2019	2.85	0.6208333	7.3141667	1.6425	4.0095833	04/12/2019
339	2019	3.03125	0.6295833	7.4625	1.105	1.3225	05/12/2019
340	2019	2.915	0.5966667	6.4545833	0.8858333	0.5208333	06/12/2019
341	2019	2.05625	0.57	5.9283333	1.6245833	2.4970833	07/12/2019
342	2019	1.8641667	0.57	4.6016667	1.2933333	0.8745833	08/12/2019
343	2019	2.4808333	0.5583333	5.72625	0.8633333	3.5208333	09/12/2019
344	2019	2.615	0.5695833	5.5720833	1.4966667	4.2245833	10/12/2019
345	2019	2.43625	0.5570833	6.5566667	1.53125	4.9354167	11/12/2019
346	2019	2.6841667	0.5591667	6.9908333	0.64875	2.8404167	12/12/2019
347	2019	2.4216667	0.5541667	6.3991667	0.4775	5.62125	13/12/2019
348	2019	1.885	0.5466667	5.47625	1.7583333	4.6483333	14/12/2019
349	2019	1.6358333	0.6079167	4.7041667	1.1308333	2.7975	15/12/2019
350	2019	2.4475	0.6120833	6.6591667	0.9183333	2.3291667	16/12/2019
351	2019	2.6208333	0.62	5.9125	0.7866667	3.13875	17/12/2019
352	2019	2.4570833	0.62	6.2575	0.5054167	3.3066667	18/12/2019
353	2019	2.21625	0.6025	7.2829167	0.3720833	2.9841667	19/12/2019
354	2019	1.8566667	0.63375	7.6454167	0.76	4.0091667	20/12/2019
355	2019	1.4233333	0.6716667	6.3920833	0.58875	5.8429167	21/12/2019
356	2019	1.3845833	0.6695833	6.3083333	1.0079167	5.515	22/12/2019
357	2019	1.4554167	0.6704167	6.9870833	1.4708333	4.0058333	23/12/2019
358	2019	1.36875	0.6558333	6.72625	1.6108333	3.0141667	24/12/2019
359	2019	1.4416667	0.66	5.9629167	1.8929167	2.48625	25/12/2019
360	2019	1.5483333	0.6683333	5.9804167	1.7958333	2.1570833	26/12/2019
361	2019	1.7795833	0.6575	6.5079167	1.2979167	0.77375	27/12/2019
362	2019	1.4925	0.6695833	5.6904167	1.47875	4.655	28/12/2019
363	2019	1.63125	0.67	5.3033333	1.2529167	5.02	29/12/2019
364	2019	1.67375	0.6645833	6.0516667	1.4004167	4.7245833	30/12/2019
365	2019	1.5595833	0.66375	6.2033333	1.8445833	2.1591667	31/12/2019
